[Player]
BallTrailStrength = 1.000000
OverrideTableEmissionScale = 1
ScreenPlayerZ = 103.270226
DynamicDayNight = 0
EmissionScale = 0.305880
ScreenWidth = 0.000000
ScreenHeight = 0.000000
ScreenInclination = 0.000000
ScreenPlayerY = 8.268501
BackBufferScale = 0.416666

[TableOverride]
ViewCabMode = 2
ViewCabScaleX = 1.080452
ViewCabScaleY = 1.024282
ViewCabScaleZ = 1.000000
ViewCabRotation = 180.000000
ViewCabHOfs = 0.000000
ViewCabVOfs = -8.592646
ViewCabWindowTop = 370.541931
ViewCabWindowBot = 82.953217