[Player]
BallTrailStrength = 0.392157
AlphaRampAccuracy = 10
OverrideTableEmissionScale = 0
ScreenPlayerX = 0.000000
ScreenPlayerY = 0.000000
ScreenPlayerZ = 70.000000

[TableOverride]
ViewCabMode = 0
ViewCabScaleX = 0.976171
ViewCabScaleY = 1.275310
ViewCabScaleZ = 0.999541
ViewCabRotation = 90.000000
ViewCabPlayerX = -11.106051
ViewCabPlayerY = 0.000000
ViewCabPlayerZ = -99.969994
ViewCabLookAt = 7.800007
ViewCabFOV = 30.000000
ViewCabLayback = 55.000000